Solution found:

[1, 2, 3]
[4, 0, 5]
[6, 7, 8]

[1, 2, 3]
[4, 5, 0]
[6, 7, 8]

[1, 2, 3]
[4, 5, 8]
[6, 7, 0]

[1, 2, 3]
[4, 5, 8]
[6, 0, 7]

[1, 2, 3]
[4, 5, 8]
[0, 6, 7]

[1, 2, 3]
[0, 5, 8]
[4, 6, 7]

[1, 2, 3]
[5, 0, 8]
[4, 6, 7]

[1, 2, 3]
[5, 6, 8]
[4, 0, 7]

[1, 2, 3]
[5, 6, 8]
[4, 7, 0]

[1, 2, 3]
[5, 6, 0]
[4, 7, 8]

[1, 2, 3]
[5, 0, 6]
[4, 7, 8]

[1, 2, 3]
[0, 5, 6]
[4, 7, 8]

[1, 2, 3]
[4, 5, 6]
[0, 7, 8]

[1, 2, 3]
[4, 5, 6]
[7, 0, 8]

[1, 2, 3]
[4, 5, 6]
[7, 8, 0]


=== Code Execution Successful ===